xxfs	1	256k	RANDRW11	978.292	267.933	778.017	883.635	296.251	806.790	1458.848	180.313	508.765
xxfs	2	256k	RANDRW11	1866.564	280.869	837.577	1685.645	311.817	820.144	2760.722	188.396	554.957
xxfs	4	256k	RANDRW11	3138.770	334.063	999.481	2841.388	368.600	868.321	4546.164	231.414	737.121
xxfs	8	256k	RANDRW11	3851.595	544.482	1652.061	3578.271	586.379	1225.772	5010.329	417.876	1247.155
xxfs	16	256k	RANDRW11	5340.314	785.399	2212.167	4978.043	842.912	1457.454	6846.050	611.857	1566.789
xxfs	1	128k	RANDRW11	1131.093	231.749	727.881	1045.558	250.679	752.397	1480.199	177.116	443.083
xxfs	2	128k	RANDRW11	2216.180	236.567	729.886	2055.871	254.972	708.985	2901.939	180.733	500.673
xxfs	4	128k	RANDRW11	3585.255	292.465	884.710	3341.531	314.132	765.890	4598.243	227.292	637.090
xxfs	8	128k	RANDRW11	4787.346	438.059	1400.835	4500.174	465.939	1008.982	5925.564	354.073	996.996
xxfs	16	128k	RANDRW11	5986.860	700.583	1964.759	5729.638	732.080	1274.343	6927.568	605.326	1375.899
xxfs	1	64k	RANDRW11	484.566	135.243	557.042	440.569	148.923	584.594	692.564	94.285	278.448
xxfs	2	64k	RANDRW11	975.660	134.340	565.126	876.156	149.517	532.325	1477.874	88.825	269.043
xxfs	4	64k	RANDRW11	1687.011	155.389	691.172	1522.482	172.048	541.751	2492.563	105.410	371.071
xxfs	8	64k	RANDRW11	2021.296	259.381	1237.845	1873.711	279.789	816.724	2647.272	198.094	798.452
xxfs	1	256k	RANDRW11	1051.065	249.387	666.770	981.717	266.942	686.458	1337.495	196.049	508.941
xxfs	16	256k	RANDRW11	5310.745	789.759	2185.684	4677.869	896.842	1453.108	8962.372	467.606	1271.070
xxfs	1	256k	RANDRW11	1293.081	202.713	497.624	1173.414	223.667	495.168	1884.269	138.553	442.073
xxfs	1	256k	RANDRW11	1247.379	210.140	506.801	1130.206	232.218	507.512	1831.570	142.539	461.393
xxfs	1	256k	RANDRW11	1118.798	234.291	540.126	1022.501	256.678	546.777	1575.194	165.739	487.565
