xxfs	1	256k	RANDRW11	1241.939	211.060	513.244	1099.464	238.711	509.998	2065.346	126.405	447.421
xxfs	1	4k	RANDRW11	1772.969	2.310	4.204	1802.968	2.271	4.064	1688.657	2.427	4.278
xxfs	1	16k	RANDRW11	552.577	29.650	309.896	463.103	35.369	314.813	1322.189	12.402	19.174
xxfs	1	64k	RANDRW11	506.966	129.270	411.550	449.996	145.640	425.224	818.377	80.068	244.319
xxfs	1	128k	RANDRW11	913.791	286.869	666.254	819.296	320.649	611.836	1409.411	184.758	463.191
xxfs	2	256k	RANDRW11	2530.569	207.171	583.605	2207.257	237.924	566.653	4540.803	114.850	467.896
xxfs	2	4k	RANDRW11	2716.864	3.015	5.996	2741.949	2.988	5.544	2644.407	3.097	5.919
xxfs	2	16k	RANDRW11	1406.079	23.304	104.119	1190.163	27.529	103.190	3086.596	10.620	25.571
xxfs	2	64k	RANDRW11	1109.968	118.086	385.886	963.396	136.093	370.944	2055.164	63.716	245.414
xxfs	2	128k	RANDRW11	2235.779	234.497	629.071	1955.868	267.861	608.169	3919.666	134.044	523.454
xxfs	3	256k	RANDRW11	3405.570	230.916	701.268	2920.127	269.107	637.811	6731.816	117.066	490.029
xxfs	3	4k	RANDRW11	3651.374	3.365	7.466	3709.536	3.312	6.510	3487.735	3.525	8.220
xxfs	3	16k	RANDRW11	2038.177	24.116	103.765	1745.026	28.168	100.701	4104.060	11.975	35.958
xxfs	3	64k	RANDRW11	961.408	204.499	568.137	849.093	231.656	531.863	1597.072	122.934	341.474
xxfs	3	128k	RANDRW11	3316.561	237.121	711.397	2824.067	278.636	650.269	6984.729	112.391	186.892
xxfs	4	256k	RANDRW11	3974.204	263.835	829.844	3395.552	308.739	714.661	8190.121	128.090	537.628
xxfs	4	4k	RANDRW11	3426.300	4.782	10.942	3595.483	4.558	8.059	3002.412	5.454	12.493
