xxfs	1	256k	SEQRW11	1426.510	183.747	516.955	1439.547	182.410	524.443	1389.179	187.607	426.983
xxfs	2	256k	SEQRW11	1971.082	265.976	697.294	1880.801	279.076	705.917	2306.339	226.446	517.693
xxfs	4	256k	SEQRW11	3314.874	316.316	896.889	3023.995	347.014	905.919	4686.963	223.162	611.522
xxfs	8	256k	SEQRW11	4759.756	440.595	1305.703	4280.187	491.307	1292.053	7224.573	287.860	785.504
xxfs	16	256k	SEQRW11	5393.518	777.651	2468.505	4827.724	868.726	2444.169	8293.279	505.840	1539.704
xxfs	1	128k	SEQRW11	1312.853	199.669	451.901	1309.369	200.281	461.637	1323.438	197.797	418.784
xxfs	2	128k	SEQRW11	2092.875	250.507	585.028	1975.356	265.080	584.960	2539.117	207.224	423.189
xxfs	4	128k	SEQRW11	3340.513	313.891	782.166	3015.874	347.647	781.594	4931.097	212.691	463.849
xxfs	8	128k	SEQRW11	4733.191	443.073	1207.820	4221.678	496.824	1200.794	7421.415	282.461	694.140
xxfs	16	128k	SEQRW11	5426.869	772.874	2260.349	4848.307	865.325	2224.109	8457.961	495.512	1414.758
xxfs	1	256k	SEQRW11	1398.692	187.405	577.475	1423.791	183.679	599.065	1326.162	199.006	462.874
