xxfs	1	256k	SEQRW11	1610.559	162.754	485.451	1541.634	170.244	486.530	1867.423	139.803	474.052
xxfs	1	4k	SEQRW11	2256.996	1.815	3.764	2310.256	1.773	3.717	2110.964	1.942	3.473
xxfs	1	16k	SEQRW11	1697.526	9.652	54.176	1823.624	8.982	45.349	1404.862	11.672	56.493
xxfs	1	64k	SEQRW11	1130.084	57.992	225.983	1175.672	55.745	213.127	1012.124	64.741	237.961
xxfs	1	128k	SEQRW11	1734.402	151.141	450.963	1694.491	155.035	445.538	1868.591	139.357	450.373
xxfs	2	256k	SEQRW11	1803.277	290.726	588.971	1679.275	313.105	597.469	2325.192	223.474	521.904
xxfs	2	4k	SEQRW11	3319.461	2.468	5.721	3376.801	2.425	5.422	3158.927	2.595	5.133
xxfs	2	16k	SEQRW11	2489.639	13.162	102.797	2487.014	13.176	103.096	2497.542	13.119	54.973
xxfs	2	64k	SEQRW11	1688.542	77.624	321.592	1578.999	83.021	334.256	2135.878	61.340	232.901
xxfs	2	128k	SEQRW11	2868.373	182.780	504.311	2536.080	206.605	509.599	4703.160	111.669	416.755
xxfs	3	256k	SEQRW11	3373.509	233.111	628.611	2983.664	264.390	633.892	5588.723	139.390	521.099
xxfs	3	4k	SEQRW11	3746.268	3.280	7.795	3865.967	3.179	7.026	3428.251	3.584	7.378
xxfs	3	16k	SEQRW11	3096.774	15.872	105.289	2987.675	16.447	105.475	3476.125	14.150	53.217
xxfs	3	64k	SEQRW11	2193.839	89.618	350.783	1951.617	100.703	361.979	3488.374	56.423	213.349
xxfs	3	128k	SEQRW11	3224.987	243.854	618.624	2837.266	276.940	621.058	5437.554	144.994	519.846
xxfs	4	256k	SEQRW11	4546.861	230.606	670.642	3842.708	273.217	671.898	10319.579	101.202	195.755
xxfs	4	4k	SEQRW11	4036.027	4.059	10.544	4326.181	3.787	8.196	3360.833	4.877	10.465
bind socket error: Address already in use(errno: 98)
